CAT_KEYWORD
ifnt
6
1
3 5
0 0 0 0
2 0 0 0
0 3 4 0
0 0 0 0
0 0 0 5
0 0 0 0
#
CAT_KEYWORD
els
6
1
5
0 0 0
2 0 0
0 3 0
0 0 4
5 0 0
0 0 0
#
CAT_KEYWORD
while
7
1
6
0 0 0 0 0
2 0 0 0 0
0 3 0 0 0
0 0 4 0 0
0 0 0 5 0
0 0 0 0 6
0 0 0 0 0
#
CAT_KEYWORD
retun
8
1
7
0 0 0 0 0
2 0 0 0 0
0 3 0 0 0
0 0 4 0 0
0 0 0 5 0
6 0 0 0 0
0 0 0 0 7
0 0 0 0 0
#
CAT_KEYWORD
void
6
1
5
0 0 0 0
2 0 0 0
0 3 0 0
0 0 4 0
0 0 0 5
0 0 0 0
#
CAT_KEYWORD
char
6
1
5
0 0 0 0
2 0 0 0
0 3 0 0
0 0 4 0
0 0 0 5
0 0 0 0
#
CAT_OPERATOR
=>+*
3
1
2
0 0 0 0
2 2 2 2
0 0 0 0
#
CAT_SPECIALCHAR
;,(){}[]
3
1
2
0 0 0 0 0 0 0 0
2 2 2 2 2 2 2 2
0 0 0 0 0 0 0 0
#
CAT_NUMBER
0123456789
2
1
1
0 0 0 0 0 0 0 0 0 0
1 1 1 1 1 1 1 1 1 1
#
CAT_IDENTIFIER
ABCDEFGHIJKLMNOPQRSTUVWXYZabcdefghijklmnopqrstuvwxyz0123456789
3
1
2
0 0 0 0 0 0 0 0 0 0 0 0 0 0 0 0 0 0 0 0 0 0 0 0 0 0 0 0 0 0 0 0 0 0 0 0 0 0 0 0 0 0 0 0 0 0 0 0 0 0 0 0 0 0 0 0 0 0 0 0 0 0
2 2 2 2 2 2 2 2 2 2 2 2 2 2 2 2 2 2 2 2 2 2 2 2 2 2 2 2 2 2 2 2 2 2 2 2 2 2 2 2 2 2 2 2 2 2 2 2 2 2 2 2 0 0 0 0 0 0 0 0 0 0
2 2 2 2 2 2 2 2 2 2 2 2 2 2 2 2 2 2 2 2 2 2 2 2 2 2 2 2 2 2 2 2 2 2 2 2 2 2 2 2 2 2 2 2 2 2 2 2 2 2 2 2 2 2 2 2 2 2 2 2 2 2
